407.00
276.00
917.00
108.00
36.00
942.00
982.00
60.00
666.00
802.00
427.00
377.00
487.00
829.00
22.00
898.00
914.00
352.00
186.00
371.00
680.00
630.00
756.00
137.00
764.00
354.00
321.00
97.00
969.00
549.00
629.00
368.00
862.00
457.00
248.00
677.00
739.00
140.00
419.00
820.00
919.00
240.00
763.00
168.00
312.00
133.00
675.00
560.00
310.00
339.00
225.00
740.00
254.00
718.00
368.00
823.00
169.00
872.00
528.00
434.00
693.00
74.00
339.00
397.00
518.00
411.00
744.00
15.00
731.00
415.00
215.00
837.00
721.00
750.00
779.00
995.00
959.00
517.00
589.00
658.00
619.00
185.00
488.00
552.00
766.00
300.00
810.00
854.00
206.00
585.00
139.00
502.00
602.00
355.00
660.00
321.00
583.00
723.00
36.00
634.00
433.00
770.00
381.00
220.00
581.00
426.00
358.00
811.00
645.00
917.00
